lake	sample	date_col	julian	year	bag	bag_leaf	days	cruc_num	cruc_empty	cruc_full	cruc_ash	leaf_mass	leaf_mass_AFDM	ash_mass_AFDM	propOM	AFDM
Campus Pond	3	2013/10/22	295	2013	7.2786	11.5476	0	1	29.7347	33.8335	30.0405	4.269	4.0988	0.305800000000001	0.925392797892066	3.95050185420123
Campus Pond	8	2013/10/22	295	2013	7.2767	11.8332	0	2	26.6492	31.0007	27.0132	4.5565	4.3515	0.364000000000001	0.916350683672297	4.17535189015282
Campus Pond	15	2013/10/22	295	2013	7.2325	11.6445	0	3	28.0725	32.4264	28.4316	4.412	4.3539	0.359099999999998	0.917522221456626	4.04810804106663
Campus Pond	33	2013/10/22	295	2013	7.2359	11.8288	0	4	27.4836	31.9415	27.9132	4.5929	4.4579	0.429600000000001	0.903631754862155	4.15029028690639
Campus Pond	48	2013/10/22	295	2013	7.2467	11.7907	0	5	30.3772	34.6765	30.7363	4.544	4.2993	0.359100000000002	0.916474774963366	4.16446137743353
Campus Pond	9	2013/10/25	298	2013	7.1055	10.8298	3	6	31.5117	34.9041	31.7471	3.7243	3.3924	0.235399999999998	0.930609597924773	3.46586932555123
Campus Pond	22	2013/10/25	298	2013	7.4814	10.6154	3	7	28.196	31.5648	28.452	3.134	3.3688	0.256	0.924008549038233	2.89584279268582
Campus Pond	35	2013/10/25	298	2013	7.3065	10.818	3	8	28.9648	32.5073	29.174	3.5115	3.5425	0.209199999999999	0.940945659844743	3.30413068454481
Campus Pond	43	2013/10/25	298	2013	7.1285	10.9302	3	9	27.0787	30.6123	27.367	3.8017	3.5336	0.288300000000000	0.918411817976002	3.49152620839937
Campus Pond	67	2013/10/25	298	2013	7.0545	11.0964	3	10	29.747	33.5694	30.057	4.0419	3.8224	0.309999999999999	0.918899120971118	3.71409835705316
Campus Pond	17	2013/10/29	302	2013	7.2183	10.4394	7	11	26.5913	29.9408	26.8624	3.2211	3.3495	0.271100000000001	0.919062546648753	2.9603923690103
Campus Pond	26	2013/10/29	302	2013	7.3317	10.2217	7	12	28.1219	31.1523	28.3562	2.89	3.0304	0.234300000000001	0.922683474128828	2.66655524023231
Campus Pond	38	2013/10/29	302	2013	7.2525	10.4962	7	13	29.7255	33.2091	29.9811	3.2437	3.4836	0.255600000000001	0.92662762659318	3.00570203238029
Campus Pond	51	2013/10/29	302	2013	7.2798	10.5647	7	14	28.2156	31.661	28.4619	3.2849	3.4454	0.246300000000002	0.928513380159052	3.05007360248447
Campus Pond	55	2013/10/29	302	2013	7.3236	10.7955	7	15	26.9885	30.6401	27.2992	3.4719	3.6516	0.310700000000001	0.914914010296856	3.17648995234966
Campus Pond	5	2013/11/05	309	2013	7.3471	10.702	15	1	29.7364	33.1168	29.9448	3.3549	3.3804	0.208400000000001	0.938350491066146	3.14807206247781
Campus Pond	14	2013/11/05	309	2013	7.2643	9.9518	15	2	26.6499	29.36	26.882	2.6875	2.7101	0.232100000000003	0.914357403785837	2.45733552267444
Campus Pond	25	2013/11/05	309	2013	7.3416	10.4174	15	3	28.0743	31.2019	28.3159	3.0758	3.1276	0.241599999999998	0.922752270111268	2.83820143240824
Campus Pond	49	2013/11/05	309	2013	7.255	10.6079	15	4	27.485	30.8768	27.8432	3.3529	3.3918	0.3582	0.894392358039979	2.99880813727225
Campus Pond	68	2013/11/05	309	2013	7.2414	10.3012	15	5	30.3787	33.5067	30.6255	3.0598	3.12800000000000	0.246800000000000	0.921099744245524	2.81838099744246
Campus Pond	11	2013/11/12	316	2013	7.2216	10.7339	21	6	31.512	35.1548	31.8449	3.5123	3.6428	0.332899999999999	0.908614252772593	3.19132584001318
Campus Pond	20	2013/11/12	316	2013	7.2121	10.3201	21	7	28.1973	31.3494	28.5379	3.108	3.1521	0.340600000000002	0.891945052504679	2.77216522318454
Campus Pond	29	2013/11/12	316	2013	7.2348	10.1075	21	8	28.9657	31.9401	29.2432	2.8727	2.9744	0.277500000000003	0.906703873050026	2.60468821611081
Campus Pond	44	2013/11/12	316	2013	7.1653	NA	21	9	27.079	30.3075	27.3618	NA	3.2285	0.282799999999998	0.912405141706676	NA
Campus Pond	47	2013/11/12	316	2013	7.2018	10.183	21	10	29.7491	32.8475	29.9692	2.9812	3.0984	0.220100000000002	0.92896333591531	2.76942549703072
Campus Pond	18	2013/11/19	323	2013	7.2708	9.8982	28	1	29.7355	32.312	29.9756	2.6274	2.5765	0.240100000000002	0.906811566078012	2.38255670871337
Campus Pond	31	2013/11/19	323	2013	7.2233	9.8168	28	NA	NA	NA	NA	2.5935	NA	NA	NA	NA
Campus Pond	45	2013/11/19	323	2013	7.2481	10.7441	28	NA	NA	NA	NA	3.496	NA	NA	NA	NA
Campus Pond	60	2013/11/19	323	2013	7.1873	10.3026	28	NA	NA	NA	NA	3.1153	NA	NA	NA	NA
Campus Pond	69	2013/11/19	323	2013	7.1855	10.253	28	NA	NA	NA	NA	3.0675	NA	NA	NA	NA
Campus Pond	7	2013/12/03	337	2013	7.2739	10.4152	42	2	26.6488	29.833	26.95	3.1413	3.1842	0.301199999999998	0.905407951761825	2.84415799886942
Campus Pond	27	2013/12/03	337	2013	7.1284	10.4205	42	3	28.0721	31.2468	28.43	3.2921	3.1747	0.357900000000001	0.887264938419378	2.92096490377044
Campus Pond	56	2013/12/03	337	2013	7.2906	10.847	42	5	30.3746	33.7854	30.8575	3.5564	3.4108	0.482900000000001	0.858420311950275	3.05288599741996
Campus Pond	62	2013/12/03	337	2013	7.2407	10.5794	42	6	31.5167	34.8405	31.9943	3.3387	3.3238	0.477599999999999	0.856309043865455	2.85895900475360
Campus Pond	1	2014/01/12	12	2014	7.1685	10.071	82	NA	NA	NA	NA	2.9025	NA	NA	NA	NA
Campus Pond	2	2013/12/18	352	2013	7.1835	9.8533	57	10	29.7419	32.5683	30.5529	2.6698	2.8264	0.811	0.713062553071044	1.90373440418907
Campus Pond	4	2013/12/18	352	2013	7.1209	10.3725	57	11	26.593	30.0184	27.3745	3.2516	3.4254	0.781500000000001	0.771851462602907	2.50975221579961
Campus Pond	6		NA	NA	NA	NA	NA	NA	NA	NA	NA	NA	NA	NA	NA	NA
Campus Pond	10		NA	NA	NA	NA	NA	NA	NA	NA	NA	NA	NA	NA	NA	NA
Campus Pond	12	2014/02/04	35	2014	7.0699	10.6998	105	NA	NA	NA	NA	3.6299	NA	NA	NA	NA
Campus Pond	13		NA	NA	NA	NA	NA	NA	NA	NA	NA	NA	NA	NA	NA	NA
Campus Pond	16		NA	NA	NA	NA	NA	NA	NA	NA	NA	NA	NA	NA	NA	NA
Campus Pond	19	2014/02/04	35	2014	7.1002	10.4073	105	NA	NA	NA	NA	3.3071	NA	NA	NA	NA
Campus Pond	21		NA	NA	NA	NA	NA	NA	NA	NA	NA	NA	NA	NA	NA	NA
Campus Pond	23		NA	NA	NA	NA	NA	NA	NA	NA	NA	NA	NA	NA	NA	NA
Campus Pond	24	2014/01/12	12	2014	7.181	10.1075	82	NA	NA	NA	NA	2.9265	NA	NA	NA	NA
Campus Pond	28		NA	NA	NA	NA	NA	NA	NA	NA	NA	NA	NA	NA	NA	NA
Campus Pond	30	2013/12/03	337	2013	7.2942	9.8101	42	4	27.4824	30.0507	27.8615	2.5159	2.5683	0.379100000000001	0.852392633259354	2.14453462601721
Campus Pond	32	2014/02/04	35	2014	7.0835	9.7534	105	NA	NA	NA	NA	2.6699	NA	NA	NA	NA
Campus Pond	34	2014/02/04	35	2014	7.1062	9.9931	105	NA	NA	NA	NA	2.8869	NA	NA	NA	NA
Campus Pond	36		NA	NA	NA	NA	NA	NA	NA	NA	NA	NA	NA	NA	NA	NA
Campus Pond	37	2013/12/18	352	2013	7.2097	10.3274	57	12	28.1236	31.4101	29.2364	3.1177	3.2865	1.1128	0.661402708048075	2.06205522288149
Campus Pond	39		NA	NA	NA	NA	NA	NA	NA	NA	NA	NA	NA	NA	NA	NA
Campus Pond	40	2014/01/12	12	2014	7.1335	10.6601	82	NA	NA	NA	NA	3.5266	NA	NA	NA	NA
Campus Pond	41		NA	NA	NA	NA	NA	NA	NA	NA	NA	NA	NA	NA	NA	NA
Campus Pond	42		NA	NA	NA	NA	NA	NA	NA	NA	NA	NA	NA	NA	NA	NA
Campus Pond	46	2014/02/04	35	2014	7.0748	9.4467	105	NA	NA	NA	NA	2.3719	NA	NA	NA	NA
Campus Pond	50		NA	NA	NA	NA	NA	NA	NA	NA	NA	NA	NA	NA	NA	NA
Campus Pond	52	2013/12/18	352	2013	7.1957	14.4939	57	14	28.2138	35.4967	32.0797	7.2982	7.2829	3.8659	0.469181232750689	3.42417847286108
Campus Pond	53		NA	NA	NA	NA	NA	NA	NA	NA	NA	NA	NA	NA	NA	NA
Campus Pond	54	2014/01/12	12	2014	7.1648	11.3777	82	NA	NA	NA	NA	4.2129	NA	NA	NA	NA
Campus Pond	57		NA	NA	NA	NA	NA	NA	NA	NA	NA	NA	NA	NA	NA	NA
Campus Pond	58		NA	NA	NA	NA	NA	NA	NA	NA	NA	NA	NA	NA	NA	NA
Campus Pond	59		NA	NA	NA	NA	NA	NA	NA	NA	NA	NA	NA	NA	NA	NA
Campus Pond	61		NA	NA	NA	NA	NA	NA	NA	NA	NA	NA	NA	NA	NA	NA
Campus Pond	63		NA	NA	NA	NA	NA	NA	NA	NA	NA	NA	NA	NA	NA	NA
Campus Pond	64		NA	NA	NA	NA	NA	NA	NA	NA	NA	NA	NA	NA	NA	NA
Campus Pond	65	2014/01/12	12	2014	7.1493	10.0321	82	NA	NA	NA	NA	2.8828	NA	NA	NA	NA
Campus Pond	66	2013/12/18	352	2013	7.1438	11.6169	57	15	29.9908	31.7771	28.8732	4.4731	1.7863	-1.1176	1.62565078654201	7.27169853328108
Campus Pond	70		NA	NA	NA	NA	NA	NA	NA	NA	NA	NA	NA	NA	NA	NA
Daulton Pond	2	2013/10/22	295	2013	7.3955	11.8928	0	1	29.7365	34.3887	30.0721	4.4973	4.6522	0.335599999999999	0.927862086754654	4.1728741627617
Daulton Pond	22	2013/10/22	295	2013	7.3966	11.8908	0	5	30.3779	35.073	30.7145	4.4942	4.6951	0.336600000000001	0.928308236246299	4.17200287533812
Daulton Pond	42	2013/10/22	295	2013	7.4082	11.8766	0	10	29.7478	34.4366	30.0822	4.4684	4.6888	0.334399999999999	0.92868111243815	4.14971868281863
Daulton Pond	49	2013/10/22	295	2013	7.3618	11.7997	0	12	28.1227	32.8198	28.5111	4.4379	4.6971	0.388400000000001	0.917310681058525	4.07093307146963
Daulton Pond	61	2013/10/22	295	2013	7.3403	11.9291	0	14	28.2158	32.9998	28.5542	4.5888	4.784	0.3384	0.929264214046823	4.26420762541806
Daulton Pond	3	2013/10/25	298	2013	7.4675	10.7607	3	2	26.6503	30.1396	26.7968	3.2932	3.4893	0.146500000000000	0.95801450147594	3.15493335626057
Daulton Pond	23	2013/10/25	298	2013	7.3955	10.4329	3	6	31.5121	34.7606	31.6785	3.0374	3.24850000000000	0.166399999999999	0.948776358319224	2.88181331075881
Daulton Pond	34	2013/10/25	298	2013	7.0195	10.5041	3	8	28.9685	32.4116	29.1495	3.4846	3.4431	0.181000000000001	0.947431094072202	3.30141839040400
Daulton Pond	43	2013/10/25	298	2013	7.1171	10.5197	3	11	26.5916	30.1064	26.7445	3.4026	3.5148	0.152899999999999	0.9564982360305	3.25458089791738
Daulton Pond	53	2013/10/25	298	2013	7.1044	10.4533	3	13	29.725	33.0735	29.8659	3.3489	3.3485	0.140899999999998	0.957921457368972	3.20798316858295
Daulton Pond	5	2013/11/01	305	2013	7.4855	10.5476	10	3	28.0742	31.5678	28.2786	3.0621	3.4936	0.204400000000000	0.94149301580032	2.88294576368216
Daulton Pond	18	2013/11/01	305	2013	7.4265	10.2989	10	4	27.4857	30.818	27.6612	2.8724	3.3323	0.175500000000000	0.947333673438766	2.72112124358551
Daulton Pond	25	2013/11/01	305	2013	7.3187	10.2519	10	7	28.1961	31.5037	28.3537	2.9332	3.3076	0.157599999999999	0.952352158664893	2.79343935179586
Daulton Pond	38	2013/11/01	305	2013	7.3985	10.5556	10	9	27.0784	30.6883	27.2323	3.1571	3.6099	0.1539	0.957367240089753	3.02250411368736
Daulton Pond	64	2013/11/01	305	2013	7.3555	10.4301	10	15	30.3788	33.1981	30.4892	3.0746	2.8193	0.110400000000002	0.960841343595927	2.95420279502004
Daulton Pond	6	2013/11/06	310	2013	7.3084	9.945	15	1	29.7359	32.5091	29.8539	2.6366	2.77320000000000	0.117999999999999	0.957449877397952	2.52441234674744
Daulton Pond	33	2013/11/06	310	2013	7.2125	10.3265	15	2	26.6497	29.9283	27.7653	3.114	3.2786	1.1156	0.659732812785945	2.05440797901543
Daulton Pond	47	2013/11/06	310	2013	7.3189	9.9023	15	3	28.0733	30.842	28.1764	2.5834	2.7687	0.103100000000001	0.962762307219994	2.48720014447213
Daulton Pond	57	2013/11/06	310	2013	7.3552	10.1178	15	4	27.4853	30.3766	27.616	2.7626	2.8913	0.130700000000001	0.954795420744993	2.63771782935012
Daulton Pond	63	2013/11/06	310	2013	7.4149	10.1013	15	5	30.3788	33.1981	30.4892	2.6864	2.8193	0.110400000000002	0.960841343595927	2.5812041854361
Daulton Pond	58	2013/11/13	317	2013	7.2441	10.1011	22	10	29.7488	32.6637	29.9054	2.857	2.9149	0.156600000000001	0.946276030052489	2.70351061785996
Daulton Pond	31	2013/11/13	317	2013	7.2093	10.2748	22	6	31.5123	34.6294	31.6748	3.0655	3.11710000000000	0.162500000000001	0.947868210836995	2.90569000032081
Daulton Pond	32	2013/11/13	317	2013	7.194	10.1695	22	7	28.1973	31.214	28.3999	2.9755	3.0167	0.202600000000000	0.932840521099214	2.77566697053071
Daulton Pond	36	2013/11/13	317	2013	7.2611	10.2223	22	8	28.966	32.1734	29.1293	2.9612	3.2074	0.163300000000000	0.949086487497662	2.81043490677808
Daulton Pond	44	2013/11/13	317	2013	7.2324	10.3028	22	9	27.079	30.0195	28.1887	3.0704	2.9405	1.1097	0.622615201496344	1.91167771467437
Daulton Pond	10	2013/11/21	325	2013	7.2454	10.4055	30	16	28.8717	32.049	29.2448	3.1601	3.1773	0.373100000000001	0.88257325402071	2.78901974003084
Daulton Pond	15	2013/11/21	325	2013	7.2625	10.3862	30	17	30.5128	33.7107	30.7001	3.1237	3.19790000000000	0.187300000000000	0.941430313643328	2.94074587072767
Daulton Pond	39	2013/11/21	325	2013	7.2033	10.1584	30	18	29.435	32.4173	29.5904	2.9551	2.9823	0.155400000000000	0.947892566140227	2.80111732220099
Daulton Pond	45	2013/11/21	325	2013	7.2217	10.2143	30	19	28.5462	31.5476	28.6672	2.9926	3.0014	0.121000000000002	0.959685480109282	2.87195476777504
Daulton Pond	54	2013/11/21	325	2013	7.2646	10.0252	30	20	29.137	31.9141	29.259	2.7606	2.7771	0.122	0.95606928090454	2.63932485686508
Daulton Pond	19	2013/12/04	338	2013	7.3023	10.58	43	21	31.001	34.2944	31.2111	3.2777	3.2934	0.210099999999997	0.93620574482298	3.06860156980628
Daulton Pond	27	2013/12/04	338	2013	7.3268	10.4042	43	22	26.9363	30.0348	27.059	3.0774	3.0985	0.122700000000002	0.960400193642084	2.95553555591415
Daulton Pond	35	2013/12/04	338	2013	7.2954	10.521	43	23	28.8139	32.0465	29.0058	3.2256	3.2326	0.191900000000000	0.94063602054074	3.03411554785622
Daulton Pond	65	2013/12/04	338	2013	7.2987	10.3444	43	24	29.396	32.4787	29.7377	3.0457	3.0827	0.341699999999999	0.889155610341584	2.70810124241736
Daulton Pond	66	2013/12/04	338	2013	7.3054	10.2948	43	15	26.9875	30.0326	27.1321	2.9894	3.0451	0.144600000000001	0.952513874749597	2.84744497717645
Daulton Pond	1		NA	NA	NA	NA	NA	NA	NA	NA	NA	NA	NA	NA	NA	NA
Daulton Pond	4		NA	NA	NA	NA	NA	NA	NA	NA	NA	NA	NA	NA	NA	NA
Daulton Pond	7	2014/02/05	36	2014	7.0973	9.5432	106	NA	NA	NA	NA	2.4459	NA	NA	NA	NA
Daulton Pond	8		NA	NA	NA	NA	NA	NA	NA	NA	NA	NA	NA	NA	NA	NA
Daulton Pond	9		NA	NA	NA	NA	NA	NA	NA	NA	NA	NA	NA	NA	NA	NA
Daulton Pond	11		NA	NA	NA	NA	NA	NA	NA	NA	NA	NA	NA	NA	NA	NA
Daulton Pond	12		NA	NA	NA	NA	NA	NA	NA	NA	NA	NA	NA	NA	NA	NA
Daulton Pond	13	2014/02/05	36	2014	7.1595	9.3083	106	NA	NA	NA	NA	2.1488	NA	NA	NA	NA
Daulton Pond	14		NA	NA	NA	NA	NA	NA	NA	NA	NA	NA	NA	NA	NA	NA
Daulton Pond	16		NA	NA	NA	NA	NA	NA	NA	NA	NA	NA	NA	NA	NA	NA
Daulton Pond	17		NA	NA	NA	NA	NA	NA	NA	NA	NA	NA	NA	NA	NA	NA
Daulton Pond	20		NA	NA	NA	NA	NA	NA	NA	NA	NA	NA	NA	NA	NA	NA
Daulton Pond	21		NA	NA	NA	NA	NA	NA	NA	NA	NA	NA	NA	NA	NA	NA
Daulton Pond	24		NA	NA	NA	NA	NA	NA	NA	NA	NA	NA	NA	NA	NA	NA
Daulton Pond	26		NA	NA	NA	NA	NA	NA	NA	NA	NA	NA	NA	NA	NA	NA
Daulton Pond	28		NA	NA	NA	NA	NA	NA	NA	NA	NA	NA	NA	NA	NA	NA
Daulton Pond	29	2014/02/05	36	2014	7.1461	9.3699	106	NA	NA	NA	NA	2.2238	NA	NA	NA	NA
Daulton Pond	30		NA	NA	NA	NA	NA	NA	NA	NA	NA	NA	NA	NA	NA	NA
Daulton Pond	37		NA	NA	NA	NA	NA	NA	NA	NA	NA	NA	NA	NA	NA	NA
Daulton Pond	40		NA	NA	NA	NA	NA	NA	NA	NA	NA	NA	NA	NA	NA	NA
Daulton Pond	41		NA	NA	NA	NA	NA	NA	NA	NA	NA	NA	NA	NA	NA	NA
Daulton Pond	46		NA	NA	NA	NA	NA	NA	NA	NA	NA	NA	NA	NA	NA	NA
Daulton Pond	48		NA	NA	NA	NA	NA	NA	NA	NA	NA	NA	NA	NA	NA	NA
Daulton Pond	50		NA	NA	NA	NA	NA	NA	NA	NA	NA	NA	NA	NA	NA	NA
Daulton Pond	51		NA	NA	NA	NA	NA	NA	NA	NA	NA	NA	NA	NA	NA	NA
Daulton Pond	52		NA	NA	NA	NA	NA	NA	NA	NA	NA	NA	NA	NA	NA	NA
Daulton Pond	55		NA	NA	NA	NA	NA	NA	NA	NA	NA	NA	NA	NA	NA	NA
Daulton Pond	56		NA	NA	NA	NA	NA	NA	NA	NA	NA	NA	NA	NA	NA	NA
Daulton Pond	59	2014/02/05	36	2014	7.1053	9.6865	106	NA	NA	NA	NA	2.5812	NA	NA	NA	NA
Daulton Pond	60	2014/02/05	36	2014	7.1038	9.7069	106	NA	NA	NA	NA	2.6031	NA	NA	NA	NA
Daulton Pond	62		NA	NA	NA	NA	NA	NA	NA	NA	NA	NA	NA	NA	NA	NA
Daulton Pond	67		NA	NA	NA	NA	NA	NA	NA	NA	NA	NA	NA	NA	NA	NA
Daulton Pond	68		NA	NA	NA	NA	NA	NA	NA	NA	NA	NA	NA	NA	NA	NA
Daulton Pond	69		NA	NA	NA	NA	NA	NA	NA	NA	NA	NA	NA	NA	NA	NA
Daulton Pond	70		NA	NA	NA	NA	NA	NA	NA	NA	NA	NA	NA	NA	NA	NA
Lancer Park Pond	46	1931/10/29	302	2013	7.1874	11.427	0	5	30.3736	34.4472	30.7159	4.2396	4.0736	0.342300000000002	0.915971131186174	3.88335120777690
Lancer Park Pond	33	2013/10/29	302	2013	7.1922	11.5806	0	5	30.3758	34.6937	30.7022	4.3884	4.3179	0.326400000000000	0.924407698186619	4.05667074272216
Lancer Park Pond	43	2013/10/29	302	2013	7.1908	11.6357	0	4	27.4829	29.0485	27.6557	4.4449	1.5656	0.172799999999999	0.889626980071539	3.95430296371998
Lancer Park Pond	58	2013/10/29	302	2013	7.2219	11.4871	0	6	31.512	33.4924	31.6409	4.2652	1.98040000000000	0.128899999999998	0.934912138961827	3.98758725509998
Lancer Park Pond	61	2013/10/29	302	2013	7.2022	11.5523	0	5	30.3767	31.9098	30.4822	4.3501	1.5331	0.105499999999999	0.931185180353533	4.0507486530559
Lancer Park Pond	13	2013/10/31	304	2013	7.2093	10.8257	2	1	29.7349	30.9722	29.7935	3.6164	1.2373	0.058600000000002	0.952638810312776	3.44512299361512
Lancer Park Pond	16	2013/10/31	304	2013	7.2094	10.7481	2	2	26.6491	30.2684	26.836	3.5387	3.6193	0.186899999999998	0.948360180145333	3.35596216948029
Lancer Park Pond	22	2013/10/31	304	2013	7.2104	10.9456	2	2	26.65	28.8318	26.7538	3.7352	2.18180000000000	0.103800000000000	0.952424603538363	3.55749637913649
Lancer Park Pond	38	2013/10/31	304	2013	7.2023	10.4654	2	3	28.0734	29.0174	28.1233	3.2631	0.944	0.0499000000000009	0.947139830508474	3.0906119809322
Lancer Park Pond	62	2013/10/31	304	2013	7.2242	10.7023	2	6	31.5111	32.385	31.554	3.4781	0.873899999999999	0.0428999999999995	0.950909715070375	3.30735907998627
Lancer Park Pond	1	2013/11/08	312	2013	7.0318	10.2502	10	1	29.7384	33.0033	29.8782	3.2184	3.26490000000000	0.139800000000001	0.95718092437747	3.08059108701645
Lancer Park Pond	24	2013/11/08	312	2013	6.9405	10.3343	10	3	28.0727	29.8631	28.1576	3.3938	1.79040	0.0848999999999975	0.952580428954425	3.23286745978553
Lancer Park Pond	40	2013/11/08	312	2013	7.079	10.6374	10	18	29.4351	31.2918	29.5534	3.5584	1.8567	0.118300000000001	0.936284806376904	3.33167585501158
Lancer Park Pond	47	2013/11/08	312	2013	7.039	10.4337	10	23	28.8125	32.0258	28.9883	3.3947	3.2133	0.175799999999999	0.945289888899263	3.20897558584633
Lancer Park Pond	49	2013/11/08	312	2013	7.0876	10.5559	10	12	28.1216	31.6505	28.3491	3.4683	3.5289	0.227499999999999	0.9355323188529	3.24470674147751
Lancer Park Pond	37	2013/11/16	320	2013	7.1756	9.9667	18	4	27.4831	30.4875	27.6576	2.7911	3.0044	0.174499999999998	0.941918519504727	2.62898877978964
Lancer Park Pond	60	2013/11/16	320	2013	7.1115	10.4225	18	11	26.5907	29.8398	26.7908	3.311	3.2491	0.200100000000003	0.93841371456711	3.1070878089317
Lancer Park Pond	64	2013/11/16	320	2013	7.1817	10.58	18	3	28.0743	30.3104	28.224	3.3983	2.2361	0.149699999999999	0.933053083493583	3.17079429363624
Lancer Park Pond	66	2013/11/16	320	2013	7.2093	10.3765	18	19	28.5645	31.7621	28.7306	3.1672	3.1976	0.1661	0.94805479109332	3.00267913435076
Lancer Park Pond	70	2013/11/16	320	2013	7.164	10.7999	18	6	31.5113	34.8647	31.7231	3.6359	3.3534	0.211800000000000	0.936840221864376	3.40625736267669
Lancer Park Pond	4	2013/12/05	339	2013	7.3544	10.9055	37	23	28.8136	32.3487	29.2037	3.5511	3.5351	0.3901	0.889649514865209	3.15923439223784
Lancer Park Pond	5	2013/12/05	339	2013	7.2556	10.9075	37	23	28.8115	30.3628	29.9526	3.6519	1.5513	1.14110000000000	0.264423386836846	0.965647766389478
Lancer Park Pond	39	2013/12/05	339	2013	7.2206	11.1849	37	20	29.1379	32.315	29.4124	3.9643	3.1771	0.274500000000003	0.913600453243523	3.6217862767933
Lancer Park Pond	59	2013/12/05	339	2013	7.2508	10.6595	37	19	28.545	31.3771	28.7597	3.4087	2.83210000000000	0.214699999999997	0.92419052999541	3.15028825959536
Lancer Park Pond	2		NA	NA	NA	NA	NA	NA	NA	NA	NA	NA	NA	NA	NA	NA
Lancer Park Pond	3		NA	NA	NA	NA	NA	NA	NA	NA	NA	NA	NA	NA	NA	NA
Lancer Park Pond	6		NA	NA	NA	NA	NA	NA	NA	NA	NA	NA	NA	NA	NA	NA
Lancer Park Pond	7		NA	NA	NA	NA	NA	NA	NA	NA	NA	NA	NA	NA	NA	NA
Lancer Park Pond	8		NA	NA	NA	NA	NA	NA	NA	NA	NA	NA	NA	NA	NA	NA
Lancer Park Pond	9		NA	NA	NA	NA	NA	NA	NA	NA	NA	NA	NA	NA	NA	NA
Lancer Park Pond	10		NA	NA	NA	NA	NA	NA	NA	NA	NA	NA	NA	NA	NA	NA
Lancer Park Pond	11		NA	NA	NA	NA	NA	NA	NA	NA	NA	NA	NA	NA	NA	NA
Lancer Park Pond	12		NA	NA	NA	NA	NA	NA	NA	NA	NA	NA	NA	NA	NA	NA
Lancer Park Pond	14		NA	NA	NA	NA	NA	NA	NA	NA	NA	NA	NA	NA	NA	NA
Lancer Park Pond	15		NA	NA	NA	NA	NA	NA	NA	NA	NA	NA	NA	NA	NA	NA
Lancer Park Pond	17		NA	NA	NA	NA	NA	NA	NA	NA	NA	NA	NA	NA	NA	NA
Lancer Park Pond	18		NA	NA	NA	NA	NA	NA	NA	NA	NA	NA	NA	NA	NA	NA
Lancer Park Pond	19		NA	NA	NA	NA	NA	NA	NA	NA	NA	NA	NA	NA	NA	NA
Lancer Park Pond	20		NA	NA	NA	NA	NA	NA	NA	NA	NA	NA	NA	NA	NA	NA
Lancer Park Pond	21		NA	NA	NA	NA	NA	NA	NA	NA	NA	NA	NA	NA	NA	NA
Lancer Park Pond	23		NA	NA	NA	NA	NA	NA	NA	NA	NA	NA	NA	NA	NA	NA
Lancer Park Pond	25	2013/02/06	37	2014	6.9294	10.1899	100	1	29.7361	32.9873	30.3211	3.2605	3.2512	0.585000000000001	0.820066437007874	2.67382661786417
Lancer Park Pond	26	2013/12/21	355	2013	7.3905	10.6357	53	20	29.1352	31.9552	29.6897	3.2452	2.82	0.554499999999997	0.803368794326242	2.60709241134752
Lancer Park Pond	27	2013/11/21	325	2013	7.5778	10.6186	23	15	26.9874	30.4271	27.621	3.0408	3.4397	0.633599999999998	0.815797889350816	2.48067822193796
Lancer Park Pond	28	2013/02/06	37	2014	6.9888	10.4028	100	8	28.9648	32.4559	29.3502	3.414	3.4911	0.385400000000001	0.889604995560138	3.03711145484231
Lancer Park Pond	29	2014/02/06	37	2014	7.0028	9.5208	100	10	29.7481	32.4137	30.1612	2.518	2.6656	0.4131	0.845025510204081	2.12777423469388
Lancer Park Pond	30	2013/12/21	355	2013	7.341	11.581	53	18	29.4338	33.3362	30.6735	4.24	3.9024	1.2397	0.682323698236982	2.89305248052480
Lancer Park Pond	31	2014/02/22	53	2014	7.0458	10.2021	116	20	29.1731	32.2618	29.5171	3.1563	3.0887	0.343999999999998	0.888626282902193	2.80477113672419
Lancer Park Pond	32	2013/11/21	325	2013	7.4059	12.4527	23	5	30.3788	35.6764	32.321	5.0468	5.2976	1.9422	0.633381153729991	3.19654800664452
Lancer Park Pond	34	2013/02/06	37	2014	6.9703	10.2876	100	15	26.9886	30.3076	27.517	3.3173	3.319	0.528399999999998	0.840795420307322	2.78917064778548
Lancer Park Pond	35	2013/02/06	37	2014	6.914	10.692	100	14	28.2172	32.0302	29.1879	3.778	3.813	0.9707	0.745423551009704	2.81621017571466
Lancer Park Pond	36	2013/11/21	325	2013	7.3579	10.6023	23	6	31.5114	35.04	32.2377	3.2444	3.5286	0.726299999999998	0.79416765856147	2.57659755143683
Lancer Park Pond	41		NA	NA	NA	NA	NA	NA	NA	NA	NA	NA	NA	NA	NA	NA
Lancer Park Pond	42		NA	NA	NA	NA	NA	NA	NA	NA	NA	NA	NA	NA	NA	NA
Lancer Park Pond	44		NA	NA	NA	NA	NA	NA	NA	NA	NA	NA	NA	NA	NA	NA
Lancer Park Pond	45		NA	NA	NA	NA	NA	NA	NA	NA	NA	NA	NA	NA	NA	NA
Lancer Park Pond	48		NA	NA	NA	NA	NA	NA	NA	NA	NA	NA	NA	NA	NA	NA
Lancer Park Pond	50		NA	NA	NA	NA	NA	NA	NA	NA	NA	NA	NA	NA	NA	NA
Lancer Park Pond	51		NA	NA	NA	NA	NA	NA	NA	NA	NA	NA	NA	NA	NA	NA
Lancer Park Pond	52		NA	NA	NA	NA	NA	NA	NA	NA	NA	NA	NA	NA	NA	NA
Lancer Park Pond	53	2013/11/21	325	2013	7.3578	10.5208	23	19	28.5468	32.912	29.1761	3.163	4.3652	0.629300000000001	0.855837075048108	2.70701266837716
Lancer Park Pond	54		NA	NA	NA	NA	NA	NA	NA	NA	NA	NA	NA	NA	NA	NA
Lancer Park Pond	55	2013/02/06	37	2014	6.9468	10.6537	100	8	29.4349	33.2221	30.07	3.7069	3.7872	0.635100000000001	0.832303548795944	3.08526602503169
Lancer Park Pond	56	2013/12/21	355	2013	7.4033	10.6094	53	17	30.512	33.7047	30.9979	3.2061	3.1927	0.485900000000001	0.847809064428227	2.71816064146334
Lancer Park Pond	57	2013/12/21	355	2013	4.3083	11.0695	53	17	30.5151	34.2665	31.3691	6.7612	3.7514	0.854	0.772351655381991	5.22202401236872
Lancer Park Pond	63	2014/02/22	53	2014	7.3085	11.1382	116	9	27.0786	30.8801	27.58	3.8297	3.8015	0.501399999999997	0.86810469551493	3.32458055241352
Lancer Park Pond	65	2014/02/22	53	2014	7.3942	10.8269	116	4	27.4847	31.2532	28.211	3.4327	3.7685	0.726299999999998	0.807270797399496	2.77111846623325
Lancer Park Pond	67	2014/02/22	53	2014	7.05	9.3776	116	24	29.3945	31.7872	29.5994	2.3276	2.3927	0.204899999999999	0.914364525431521	2.12827486939441
Lancer Park Pond	68	2013/11/21	325	2013	7.3535	11.1686	23	17	30.5137	34.3114	31.1457	3.8151	3.7977	0.632000000000001	0.833583484740764	3.18020435263449
Lancer Park Pond	69	2014/02/22	53	2014	6.9903	10.0239	116	2	26.6499	29.7883	27.2173	3.0336	3.1384	0.567400000000003	0.819207239357634	2.48514708131532
