lake	sample	date_col	julian	year	bag	bag_leaf	days	cruc_num	cruc_empty	cruc_full	cruc_ash
Campus Pond	3	10/22/2013	295	2013	7.2786	11.5476	0	1	29.7347	33.8335	30.0405
Campus Pond	8	10/22/2013	295	2013	7.2767	11.8332	0	2	26.6492	31.0007	27.0132
Campus Pond	15	10/22/2013	295	2013	7.2325	11.6445	0	3	28.0725	32.4264	28.4316
Campus Pond	33	10/22/2013	295	2013	7.2359	11.8288	0	4	27.4836	31.9415	27.9132
Campus Pond	48	10/22/2013	295	2013	7.2467	11.7907	0	5	30.3772	34.6765	30.7363
Campus Pond	9	10/25/2013	298	2013	7.1055	10.8298	3	6	31.5117	34.9041	31.7471
Campus Pond	22	10/25/2013	298	2013	7.4814	10.6154	3	7	28.196	31.5648	28.452
Campus Pond	35	10/25/2013	298	2013	7.3065	10.818	3	8	28.9648	32.5073	29.174
Campus Pond	43	10/25/2013	298	2013	7.1285	10.9302	3	9	27.0787	30.6123	27.367
Campus Pond	67	10/25/2013	298	2013	7.0545	11.0964	3	10	29.747	33.5694	30.057
Campus Pond	17	10/29/2013	302	2013	7.2183	10.4394	7	11	26.5913	29.9408	26.8624
Campus Pond	26	10/29/2013	302	2013	7.3317	10.2217	7	12	28.1219	31.1523	28.3562
Campus Pond	38	10/29/2013	302	2013	7.2525	10.4962	7	13	29.7255	33.2091	29.9811
Campus Pond	51	10/29/2013	302	2013	7.2798	10.5647	7	14	28.2156	31.661	28.4619
Campus Pond	55	10/29/2013	302	2013	7.3236	10.7955	7	15	26.9885	30.6401	27.2992
Campus Pond	5	11/5/2013	309	2013	7.3471	10.702	15	1	29.7364	33.1168	29.9448
Campus Pond	14	11/5/2013	309	2013	7.2643	9.9518	15	2	26.6499	29.36	26.882
Campus Pond	25	11/5/2013	309	2013	7.3416	10.4174	15	3	28.0743	31.2019	28.3159
Campus Pond	49	11/5/2013	309	2013	7.255	10.6079	15	4	27.485	30.8768	27.8432
Campus Pond	68	11/5/2013	309	2013	7.2414	10.3012	15	5	30.3787	33.5067	30.6255
Campus Pond	11	11/12/2013	316	2013	7.2216	10.7339	21	6	31.512	35.1548	31.8449
Campus Pond	20	11/12/2013	316	2013	7.2121	10.3201	21	7	28.1973	31.3494	28.5379
Campus Pond	29	11/12/2013	316	2013	7.2348	10.1075	21	8	28.9657	31.9401	29.2432
Campus Pond	44	11/12/2013	316	2013	7.1653		21	9	27.079	30.3075	27.3618
Campus Pond	47	11/12/2013	316	2013	7.2018	10.183	21	10	29.7491	32.8475	29.9692
Campus Pond	18	11/19/2013	323	2013	7.2708	9.8982	28	1	29.7355	32.312	29.9756
Campus Pond	31	11/19/2013	323	2013	7.2233	9.8168	28	1	29.7355	32.6926	29.9586
Campus Pond	45	11/19/2013	323	2013	7.2481	10.7441	28	2	26.6487	29.5837	27.0859
Campus Pond	60	11/19/2013	323	2013	7.1873	10.3026	28	3	28.0737	30.9384	28.382
Campus Pond	69	11/19/2013	323	2013	7.1855	10.253	28	4	27.4848	30.3527	27.7323
Campus Pond	7	12/3/2013	337	2013	7.2739	10.4152	42	2	26.6488	29.833	26.95
Campus Pond	27	12/3/2013	337	2013	7.1284	10.4205	42	3	28.0721	31.2468	28.43
Campus Pond	56	12/3/2013	337	2013	7.2906	10.847	42	5	30.3746	33.7854	30.8575
Campus Pond	62	12/3/2013	337	2013	7.2407	10.5794	42	6	31.5167	34.8405	31.9943
Campus Pond	1	1/12/2014	12	2014	7.1685	10.071	82	5	30.3762	33.5631	31.1558
Campus Pond	2	12/18/2013	352	2013	7.1835	9.8533	57	10	29.7419	32.5683	30.5529
Campus Pond	4	12/18/2013	352	2013	7.1209	10.3725	57	11	26.593	30.0184	27.3745
Campus Pond	6	5/19/2014	139	2014	7.0553	9.7184	209	7	28.1958	30.6653	28.7149
Campus Pond	10	10/6/2014	279	2014	7.3839		349	17	30.5146	33.1284	31.0838
Campus Pond	12	2/4/2014	35	2014	7.0699	10.6998	105	1	29.7363	33.5315	31.3355
Campus Pond	13	5/19/2014	139	2014	7.1015	10.2461	209	9	27.0781	29.9892	28.3976
Campus Pond	16	10/6/2014	279	2014	7.4044		349	22	26.938	30.4231	27.8554
Campus Pond	19	2/4/2014	35	2014	7.1002	10.4073	105	2	26.6502	30.0701	27.8664
Campus Pond	21	5/19/2014	139	2014	7.0547	9.6964	209	11	26.5924	29.0689	27.4783
Campus Pond	23	10/6/2014	279	2014	7.4078		349	21	31.0027	32.7182	31.4381
Campus Pond	24	1/12/2014	12	2014	7.181	10.1075	82	6	31.5183	34.7218	32.6975
Campus Pond	28	10/6/2014	279	2014	7.345		349	23	28.8159	30.2438	29.0562
Campus Pond	30	12/3/2013	337	2013	7.2942	9.8101	42	4	27.4824	30.0507	27.8615
Campus Pond	32	2/4/2014	35	2014	7.0835	9.7534	105	14	28.2184	30.6184	28.9763
Campus Pond	34	2/4/2014	35	2014	7.1062	9.9931	105	3	28.074	31.1348	28.821
Campus Pond	36										
Campus Pond	37	12/18/2013	352	2013	7.2097	10.3274	57	12	28.1236	31.4101	29.2364
Campus Pond	39	5/19/2014	139	2014	7.0014	9.0825	209	12	28.1234	30.0394	28.8119
Campus Pond	40	1/12/2014	12	2014	7.1335	10.6601	82	10	29.748	33.016	30.988
Campus Pond	41	10/6/2014	279	2014	7.4144		349	24	29.3979	32.6706	30.499
Campus Pond	42										
Campus Pond	46	2/4/2014	35	2014	7.0748	9.4467	105	15	29.9891	33.5331	28.7013
Campus Pond	50	2/26/2014	57	2014	6.9731	9.4525	127	4	27.4852	30.1557	28.0842
Campus Pond	52	12/18/2013	352	2013	7.1957	14.4939	57	14	28.2138	35.4967	32.0797
Campus Pond	53	2/26/2014	57	2014	7.0155	9.2309	127	5	30.3783	32.6745	30.9927
Campus Pond	54	1/12/2014	12	2014	7.1648	11.3777	82	11	26.5941	29.9509	28.215
Campus Pond	57	2/26/2014	57	2014	7.025	10.2824	127	6	31.5125	34.9412	32.5493
Campus Pond	58										
Campus Pond	59										
Campus Pond	61	2/26/2014	57	2014	7.001	10.9416	127	8	28.9655	33.0762	30.8168
Campus Pond	63										
Campus Pond	64	5/19/2014	139	2014	7.0372	10.0307	209	13	29.7253	32.4982	30.5053
Campus Pond	65	1/12/2014	12	2014	7.1493	10.0321	82	12	28.1254	30.7954	29.0476
Campus Pond	66	12/18/2013	352	2013	7.1438	11.6169	57	15	29.9908	31.7771	28.8732
Campus Pond	70	2/26/2014	57	2014	6.9403	9.1577	127	10	29.7493	32.1207	30.3306
Daulton Pond	2	10/22/2013	295	2013	7.3955	11.8928	0	1	29.7365	34.3887	30.0721
Daulton Pond	22	10/22/2013	295	2013	7.3966	11.8908	0	5	30.3779	35.073	30.7145
Daulton Pond	42	10/22/2013	295	2013	7.4082	11.8766	0	10	29.7478	34.4366	30.0822
Daulton Pond	49	10/22/2013	295	2013	7.3618	11.7997	0	12	28.1227	32.8198	28.5111
Daulton Pond	61	10/22/2013	295	2013	7.3403	11.9291	0	14	28.2158	32.9998	28.5542
Daulton Pond	3	10/25/2013	298	2013	7.4675	10.7607	3	2	26.6503	30.1396	26.7968
Daulton Pond	23	10/25/2013	298	2013	7.3955	10.4329	3	6	31.5121	34.7606	31.6785
Daulton Pond	34	10/25/2013	298	2013	7.0195	10.5041	3	8	28.9685	32.4116	29.1495
Daulton Pond	43	10/25/2013	298	2013	7.1171	10.5197	3	11	26.5916	30.1064	26.7445
Daulton Pond	53	10/25/2013	298	2013	7.1044	10.4533	3	13	29.725	33.0735	29.8659
Daulton Pond	5	11/1/2013	305	2013	7.4855	10.5476	10	3	28.0742	31.5678	28.2786
Daulton Pond	18	11/1/2013	305	2013	7.4265	10.2989	10	4	27.4857	30.818	27.6612
Daulton Pond	25	11/1/2013	305	2013	7.3187	10.2519	10	7	28.1961	31.5037	28.3537
Daulton Pond	38	11/1/2013	305	2013	7.3985	10.5556	10	9	27.0784	30.6883	27.2323
Daulton Pond	64	11/1/2013	305	2013	7.3555	10.4301	10	15	30.3788	33.1981	30.4892
Daulton Pond	6	11/6/2013	310	2013	7.3084	9.945	15	1	29.7359	32.5091	29.8539
Daulton Pond	33	11/6/2013	310	2013	7.2125	10.3265	15	2	26.6497	29.9283	27.7653
Daulton Pond	47	11/6/2013	310	2013	7.3189	9.9023	15	3	28.0733	30.842	28.1764
Daulton Pond	57	11/6/2013	310	2013	7.3552	10.1178	15	4	27.4853	30.3766	27.616
Daulton Pond	63	11/6/2013	310	2013	7.4149	10.1013	15	5	30.3788	33.1981	30.4892
Daulton Pond	58	11/13/2013	317	2013	7.2441	10.1011	22	10	29.7488	32.6637	29.9054
Daulton Pond	31	11/13/2013	317	2013	7.2093	10.2748	22	6	31.5123	34.6294	31.6748
Daulton Pond	32	11/13/2013	317	2013	7.194	10.1695	22	7	28.1973	31.214	28.3999
Daulton Pond	36	11/13/2013	317	2013	7.2611	10.2223	22	8	28.966	32.1734	29.1293
Daulton Pond	44	11/13/2013	317	2013	7.2324	10.3028	22	9	27.079	30.0195	28.1887
Daulton Pond	10	11/21/2013	325	2013	7.2454	10.4055	30	16	28.8717	32.049	29.2448
Daulton Pond	15	11/21/2013	325	2013	7.2625	10.3862	30	17	30.5128	33.7107	30.7001
Daulton Pond	39	11/21/2013	325	2013	7.2033	10.1584	30	18	29.435	32.4173	29.5904
Daulton Pond	45	11/21/2013	325	2013	7.2217	10.2143	30	19	28.5462	31.5476	28.6672
Daulton Pond	54	11/21/2013	325	2013	7.2646	10.0252	30	20	29.137	31.9141	29.259
Daulton Pond	19	12/4/2013	338	2013	7.3023	10.58	43	21	31.001	34.2944	31.2111
Daulton Pond	27	12/4/2013	338	2013	7.3268	10.4042	43	22	26.9363	30.0348	27.059
Daulton Pond	35	12/4/2013	338	2013	7.2954	10.521	43	23	28.8139	32.0465	29.0058
Daulton Pond	65	12/4/2013	338	2013	7.2987	10.3444	43	24	29.396	32.4787	29.7377
Daulton Pond	66	12/4/2013	338	2013	7.3054	10.2948	43	15	26.9875	30.0326	27.1321
Daulton Pond	1	12/21/2013	355	2013	7.3312	10.2264	60	1	29.7387	33.0129	30.0143
Daulton Pond	4	9/22/2014	265	2014	7.4456	10.092	335	1	29.7378	32.5241	30.9993
Daulton Pond	7	2/5/2014	36	2014	7.0973	9.5432	106	15	26.9872	29.6195	27.2007
Daulton Pond	8										
Daulton Pond	9										
Daulton Pond	11										
Daulton Pond	12										
Daulton Pond	13	2/5/2014	36	2014	7.1595	9.3083	106	5	30.3797	32.7832	30.615
Daulton Pond	14	12/21/2013	355	2013	7.3452	9.3718	60	2	26.652	29.554	26.8272
Daulton Pond	16	9/23/2014	266	2014	7.4206	9.0469	336	2	26.6542	28.3558	27.1657
Daulton Pond	17	5/21/2014	141	2014	7.1534	9.5401	211	14	28.2177	30.5014	28.4102
Daulton Pond	20	9/25/2014	268	2014	7.4749	8.8069	338	3	28.0775	29.4398	28.4179
Daulton Pond	21	9/23/2014	266	2014	7.4596	9.096	336	4	27.488	29.1181	27.8412
Daulton Pond	24										
Daulton Pond	26	12/21/2013	355	2013	7.3212	9.8558	60	3	28.0758	31.0624	28.2367
Daulton Pond	28	2/27/2014	58	2014	7.0158	10.1572	128	18	29.4327	32.7976	30.0763
Daulton Pond	29	2/5/2014	36	2014	7.1461	9.3699	106	17	30.5109	33.0241	30.6487
Daulton Pond	30	2/27/2014	58	2014	6.936	9.7066	128	24	29.3159	32.0271	29.9067
Daulton Pond	37	2/27/2014	58	2014	7.033	9.7529	128	8	28.9667	31.7603	29.4149
Daulton Pond	40	1/20/2015	20	2015	7.1869	8.1001	454	15	26.9909	28.1133	27.4118
Daulton Pond	41	9/25/2014	268	2014	7.4568	9.3465	338	5	30.3813	32.2492	30.707
Daulton Pond	46	1/20/2015	20	2015	7.1839	12.329	454	16	28.8728	34.1411	30.0305
Daulton Pond	48	12/21/2013	355	2013	7.3292	7.3293	60	4	27.487	30.2993	27.7033
Daulton Pond	50	2/27/2014	58	2014	6.9898	9.4871	128	8	28.9627	31.5296	29.2507
Daulton Pond	51	1/20/2015	20	2015	7.182	10.1322	454	14	28.2186	31.3358	30.0386
Daulton Pond	52	5/21/2014	141	2014	7.1426	9.3033	211	15	26.9904	29.0367	27.2867
Daulton Pond	55	12/21/2013	355	2013	7.3613	9.677	60	20	29.1343	31.5681	29.2425
Daulton Pond	56	5/21/2013	141	2014	7.135	9.1466	211	16	28.8718	30.7671	29.0142
Daulton Pond	59	2/5/2014	36	2014	7.1053	9.6865	106	23	28.8112	31.5171	28.9746
Daulton Pond	60	2/5/2014	36	2014	7.1038	9.7069	106	6	31.5142	34.405	31.7641
Daulton Pond	62	2/27/2014	58	2014	7.0024	9.5669	128	10	29.7504	32.5769	29.9624
Daulton Pond	67	1/20/2015	20	2015	7.2187	7.6992	454	4	27.4872	28.1875	27.7311
Daulton Pond	68	5/21/2014	141	2014	7.1521	9.5065	211	17	30.5133	32.7522	30.9309
Daulton Pond	69	1/20/2015	20	2015	7.1612	8.48	454	10	29.7511	31.1536	30.2456
Daulton Pond	70	5/21/2014	141	2014	7.1542	9.0211	211	18	29.4353	31.1766	29.6493
Lancer Park Pond	46	10/29/1931	302	2013	7.1874	11.427	0	5	30.3736	34.4472	30.7159
Lancer Park Pond	33	10/29/2013	302	2013	7.1922	11.5806	0	5	30.3758	34.6937	30.7022
Lancer Park Pond	43	10/29/2013	302	2013	7.1908	11.6357	0	4	27.4829	29.0485	27.6557
Lancer Park Pond	58	10/29/2013	302	2013	7.2219	11.4871	0	6	31.512	33.4924	31.6409
Lancer Park Pond	61	10/29/2013	302	2013	7.2022	11.5523	0	5	30.3767	31.9098	30.4822
Lancer Park Pond	13	10/31/2013	304	2013	7.2093	10.8257	2	1	29.7349	30.9722	29.7935
Lancer Park Pond	16	10/31/2013	304	2013	7.2094	10.7481	2	2	26.6491	30.2684	26.836
Lancer Park Pond	22	10/31/2013	304	2013	7.2104	10.9456	2	2	26.65	28.8318	26.7538
Lancer Park Pond	38	10/31/2013	304	2013	7.2023	10.4654	2	3	28.0734	29.0174	28.1233
Lancer Park Pond	62	10/31/2013	304	2013	7.2242	10.7023	2	6	31.5111	32.385	31.554
Lancer Park Pond	1	11/8/2013	312	2013	7.0318	10.2502	10	1	29.7384	33.0033	29.8782
Lancer Park Pond	24	11/8/2013	312	2013	6.9405	10.3343	10	3	28.0727	29.8631	28.1576
Lancer Park Pond	40	11/8/2013	312	2013	7.079	10.6374	10	18	29.4351	31.2918	29.5534
Lancer Park Pond	47	11/8/2013	312	2013	7.039	10.4337	10	23	28.8125	32.0258	28.9883
Lancer Park Pond	49	11/8/2013	312	2013	7.0876	10.5559	10	12	28.1216	31.6505	28.3491
Lancer Park Pond	37	11/16/2013	320	2013	7.1756	9.9667	18	4	27.4831	30.4875	27.6576
Lancer Park Pond	60	11/16/2013	320	2013	7.1115	10.4225	18	11	26.5907	29.8398	26.7908
Lancer Park Pond	64	11/16/2013	320	2013	7.1817	10.58	18	3	28.0743	30.3104	28.224
Lancer Park Pond	66	11/16/2013	320	2013	7.2093	10.3765	18	19	28.5645	31.7621	28.7306
Lancer Park Pond	70	11/16/2013	320	2013	7.164	10.7999	18	6	31.5113	34.8647	31.7231
Lancer Park Pond	4	12/5/2013	339	2013	7.3544	10.9055	37	23	28.8136	32.3487	29.2037
Lancer Park Pond	5	12/5/2013	339	2013	7.2556	10.9075	37	23	28.8115	30.3628	29.9526
Lancer Park Pond	39	12/5/2013	339	2013	7.2206	11.1849	37	20	29.1379	32.315	29.4124
Lancer Park Pond	59	12/5/2013	339	2013	7.2508	10.6595	37	19	28.545	31.3771	28.7597
Lancer Park Pond	2	5/21/2014	141	2014	7.1168	8.858	204	19	28.5465	30.1928	28.9795
Lancer Park Pond	3	9/29/2014	272	2014	7.4405		342	16	28.873	30.3883	29.6243
Lancer Park Pond	6	9/29/2014	272	2014	7.4475		342	15	26.9918	27.8791	27.2464
Lancer Park Pond	7	9/29/2014	272	2014	7.4634		342	20	29.1384	29.172	29.1431
Lancer Park Pond	8	9/29/2014	272	2014	7.4852		342	14	28.219	29.0198	28.4417
Lancer Park Pond	9	5/21/2014	141	2014	7.1237	9.6848	204	20	29.1377	31.6	29.8664
Lancer Park Pond	10	9/29/2014	272	2014	7.4373		342	18	29.4373	30.462	29.5623
Lancer Park Pond	11										
Lancer Park Pond	12										
Lancer Park Pond	14										
Lancer Park Pond	15										
Lancer Park Pond	17										
Lancer Park Pond	18										
Lancer Park Pond	19										
Lancer Park Pond	20										
Lancer Park Pond	21	5/21/2014	141	2014	7.1274	9.6616	204	21	31.001	33.4271	31.5696
Lancer Park Pond	23	2/22/2014	53	2014	7.1128	10.4588	116	15	26.9897	30.4581	27.6935
Lancer Park Pond	25	2/6/2013	37	2014	6.9294	10.1899	100	1	29.7361	32.9873	30.3211
Lancer Park Pond	26	12/21/2013	355	2013	7.3905	10.6357	53	20	29.1352	31.9552	29.6897
Lancer Park Pond	27	11/21/2013	325	2013	7.5778	10.6186	23	15	26.9874	30.4271	27.621
Lancer Park Pond	28	2/6/2013	37	2014	6.9888	10.4028	100	8	28.9648	32.4559	29.3502
Lancer Park Pond	29	2/6/2014	37	2014	7.0028	9.5208	100	10	29.7481	32.4137	30.1612
Lancer Park Pond	30	12/21/2013	355	2013	7.341	11.581	53	18	29.4338	33.3362	30.6735
Lancer Park Pond	31	2/22/2014	53	2014	7.0458	10.2021	116	20	29.1731	32.2618	29.5171
Lancer Park Pond	32	11/21/2013	325	2013	7.4059	12.4527	23	5	30.3788	35.6764	32.321
Lancer Park Pond	34	2/6/2013	37	2014	6.9703	10.2876	100	15	26.9886	30.3076	27.517
Lancer Park Pond	35	2/6/2013	37	2014	6.914	10.692	100	14	28.2172	32.0302	29.1879
Lancer Park Pond	36	11/21/2013	325	2013	7.3579	10.6023	23	6	31.5114	35.04	32.2377
Lancer Park Pond	41										
Lancer Park Pond	42										
Lancer Park Pond	44	5/21/2014	141	2014	7.157	9.3124	204	22	26.9361	28.9994	27.5761
Lancer Park Pond	45										
Lancer Park Pond	48										
Lancer Park Pond	50										
Lancer Park Pond	51										
Lancer Park Pond	52										
Lancer Park Pond	53	11/21/2013	325	2013	7.3578	10.5208	23	19	28.5468	32.912	29.1761
Lancer Park Pond	54	5/21/2014	141	2014	7.1437	10.189	204	23	28.8147	31.6932	29.715
Lancer Park Pond	55	2/6/2013	37	2014	6.9468	10.6537	100	8	29.4349	33.2221	30.07
Lancer Park Pond	56	12/21/2013	355	2013	7.4033	10.6094	53	17	30.512	33.7047	30.9979
Lancer Park Pond	57	12/21/2013	355	2013	4.3083	11.0695	53	17	30.5151	34.2665	31.3691
Lancer Park Pond	63	2/22/2014	53	2014	7.3085	11.1382	116	9	27.0786	30.8801	27.58
Lancer Park Pond	65	2/22/2014	53	2014	7.3942	10.8269	116	4	27.4847	31.2532	28.211
Lancer Park Pond	67	2/22/2014	53	2014	7.05	9.3776	116	24	29.3945	31.7872	29.5994
Lancer Park Pond	68	11/21/2013	325	2013	7.3535	11.1686	23	17	30.5137	34.3114	31.1457
Lancer Park Pond	69	2/22/2014	53	2014	6.9903	10.0239	116	2	26.6499	29.7883	27.2173
